-7.260794682862664953e-03
1.015206778034375259e-03
1.015206778034314326e-03
1.015206778034370705e-03
1.015206778034357911e-03
1.015206778034387618e-03
1.015206778034389136e-03
1.015206778034452887e-03
1.015206778034414507e-03
1.015206778034290040e-03
1.015206778034354659e-03
1.015206778034294160e-03
1.015206778034343600e-03
1.015206778034302183e-03
1.015206778034384583e-03
1.015206778034370705e-03
1.015206778034336010e-03
1.015206778034329071e-03
1.015206778034287872e-03
1.015206778034197233e-03
1.015206778034343817e-03
1.015206778034300449e-03
1.015206778034534636e-03
1.015206778034421662e-03
1.015206778034428601e-03
1.015206778034106160e-03
1.015206778034369404e-03
1.015206778034274645e-03
1.015206778034328855e-03
1.015206778034315411e-03
1.015206778034244287e-03
1.015206778034143890e-03
1.015206778034188125e-03
1.015206778034408435e-03
1.015206778034208075e-03
1.015206778034269440e-03
1.015206778034375042e-03
1.015206778034151479e-03
1.015206778034286788e-03
1.015206778034317145e-03
-8.774293524941027995e-04
-2.725706823713458602e-03
-5.225600780201114601e-04
3.599824080641912151e-03
2.059499609072403415e-03
-3.057794912586442142e-03
-1.122117160505931195e-03
1.015206778034267922e-03
1.015206778034184873e-03
1.015206778034349021e-03
1.015206778034332107e-03
1.015206778034240601e-03
1.015206778034347937e-03
1.015206778034201352e-03
1.015206778034277247e-03
1.015206778034154949e-03
1.015206778034319097e-03
1.015206778034315194e-03
1.015206778034379378e-03
1.015206778034273127e-03
1.075074364202263264e-03
1.035850773264691046e-03
1.015206778034369404e-03
4.906283194623661803e-04
4.880228936451333271e-04
9.224718239432383015e-04
1.015206778034285487e-03
1.363629650651751761e-03
6.216634026540440597e-04
3.515723960295542849e-03
2.161231377814492108e-02
2.443864949199031460e-03
5.687811091313172383e-03
7.677261207541622237e-03
1.165989287924906574e-02
5.205857318247397551e-03
4.956592935138151058e-03
2.181508035075560483e-03
1.015206778034320832e-03
1.015206778034220868e-03
1.015206778034324735e-03
1.015206778034222386e-03
1.015206778034303484e-03
1.015206778034268790e-03
1.015206778034256864e-03
1.015206778034277897e-03
1.015206778034311291e-03
8.865187488626942794e-04
1.157976331023538672e-03
1.304794003589155628e-03
9.711484741159564756e-04
1.244840459901189710e-03
2.899452039116128042e-04
-1.804777695593231483e-03
-7.114654345604161812e-04
-3.163008436472937793e-03
-3.610956356945032794e-03
-6.255611954399502034e-04
4.904714368759254157e-03
-3.309934127386873239e-03
2.617937361953810108e-03
1.605066127022638112e-03
9.555325276846962168e-04
-1.213485879285822579e-03
-1.124504287700390116e-03
-1.667219038860112993e-03
-7.230439088580472348e-04
-2.030659218896431126e-03
-1.634448373672832628e-03
-1.082820129363481695e-03
4.145951535635832605e-04
1.015206778034268356e-03
1.015206778034303701e-03
1.015206778034229325e-03
1.015206778034337311e-03
5.739906780165423498e-04
5.507981522732449241e-04
1.236307958744221891e-03
4.551450000482845822e-03
3.470139539591650998e-03
-3.007610967886678328e-03
-2.640886516591099166e-03
1.474452512726358777e-03
-6.419096535049260109e-03
-1.990594596808584475e-04
-2.744488214763226739e-04
-8.688950550938579235e-04
-1.338034780237440944e-03
-1.295068549031858736e-03
-2.053474818864500090e-03
-3.080946320456554727e-04
4.474080164277074978e-04
-2.958750366235553611e-03
-2.826115449382912638e-04
-3.554892037129353879e-03
-1.737770207732045784e-03
2.352058021023685584e-03
-1.940853500968045564e-04
1.154007519628261506e-03
1.015206778034283318e-03
1.015206778034359863e-03
1.015206778034244937e-03
1.015206778034362899e-03
1.048664731007493403e-03
4.780939824709205008e-04
3.210840689873999034e-04
7.658992490244863685e-03
7.043420607204752514e-06
-5.381336176511125613e-03
-4.188270326102059432e-03
6.895732253077146816e-03
-7.923376502989497262e-04
-4.087830567749655211e-03
-5.294859394215169039e-03
2.883465210064116262e-03
-1.777019101108929730e-03
5.043813246151467554e-04
1.864662719229479146e-03
-1.461817818125921197e-03
1.675492910101527341e-04
7.805458902915808021e-04
1.164878385504659929e-03
4.278007559290001802e-03
2.831312025684655791e-04
4.556926075269969283e-03
1.397946165874720380e-03
1.251242656633719252e-03
1.010254342644306517e-03
1.015206778034370054e-03
1.015206778034295028e-03
1.015206778034348153e-03
1.038891269750641649e-03
2.057174156715304951e-03
-1.213199839858295197e-03
-3.267133211139356189e-03
-2.415495148007237684e-03
3.881117299172077203e-03
-2.942177975032401419e-03
3.005237547250001404e-03
5.460710433923931639e-04
3.434533910334816240e-03
6.129799788234307698e-03
-1.312500168801579350e-03
1.740612571830368969e-05
-1.706006696739636400e-03
-3.806027006885683885e-03
1.017585028237859637e-03
-1.828043974659514345e-04
-1.257761343933667389e-03
1.433764237334457341e-03
-3.499094460812299245e-05
6.832541388264171600e-04
-2.870470525849064996e-04
4.364669973607298789e-03
2.278202884026532971e-03
4.822775996999439235e-04
7.714489703815408453e-04
1.015206778034248624e-03
1.015206778034330806e-03
8.847557478359930911e-04
4.615367834166854400e-04
6.142525006159493296e-03
1.742814638521644928e-03
-1.263927538965046397e-03
4.088541763781330073e-03
-2.903011177277117945e-03
-2.944895025182728190e-03
-4.715029726554942867e-04
-5.175622579102238767e-03
2.276702692970947357e-03
-3.829384685764129857e-03
1.887621673294575392e-03
-6.514525377598993916e-04
3.215626128600011357e-03
-2.232353213037434336e-03
-1.959538465104167237e-03
2.574934795009551757e-03
2.854830775464394128e-03
-1.464459038020123061e-03
-2.133642004661736539e-03
-4.475272614407855079e-03
-8.566098167854883927e-03
8.441999290734723566e-05
9.885948093002684851e-04
5.009779783284453803e-04
1.542695265413914982e-04
1.015206778034357911e-03
1.018232874792008138e-03
1.016073678346246078e-04
3.091049621661075275e-03
-7.881318272854217740e-04
-2.366278443391381207e-03
-8.088176004398849647e-04
2.755680217987842556e-03
-2.427360192232818573e-03
-2.164086471731240403e-03
3.950175806969589455e-04
-2.132709246631541138e-03
3.524329937856944539e-03
-2.792975230401467061e-03
1.031237009398092500e-03
-3.837247516214726899e-04
-1.423680327567280893e-03
5.080606173313304344e-04
-2.559627318438550351e-04
-2.242944780502203854e-03
-9.986856534586771670e-04
1.829145601001695796e-03
-4.374930276328418445e-03
7.512981123012808663e-04
4.719934937070673943e-04
1.015206778034238432e-03
1.015206778034347720e-03
1.015206778034268356e-03
9.986530256134570557e-04
7.787121541961120226e-04
-1.174360970486431829e-03
1.977188067373840397e-03
1.415987968294974211e-03
6.477087521686447375e-04
1.273060396513473868e-03
2.636638463392222773e-03
2.568239583778780030e-03
-2.103389471472487567e-03
1.911955088541283151e-03
1.595887420697498366e-05
7.492620524407132268e-04
1.660738506642905508e-03
6.824959592919418658e-04
5.389277870936965602e-05
1.524429974057648230e-03
1.534284450719480960e-03
-1.578341172306764158e-03
-5.197751829035198584e-03
1.530579757370929654e-04
-5.773134993081563242e-04
-3.272631590619480644e-03
-3.813915408922643763e-03
-4.860827930089916290e-04
1.058896815094294069e-03
1.015206778034350972e-03
1.015206778034273344e-03
9.880259252938498014e-04
-4.235907155046916839e-04
-1.290309735957221281e-03
1.622882483233564679e-03
-1.401064381234580622e-03
-4.474533856513521722e-03
-2.962361542626548890e-03
5.413853218896981859e-04
1.600085925282560429e-03
-1.608793250015861168e-03
1.838731937830445596e-03
-2.634694313851047073e-03
-1.382232313269222794e-03
1.336870830270353539e-03
-1.924860411855954748e-04
1.777432625075031246e-03
-3.372435236498474791e-04
-3.764429472401519938e-03
8.979044007340428873e-04
3.007836867372404212e-04
-1.345116113293058462e-03
-8.386873946245078371e-04
-1.663119020096080411e-03
-2.075725540394791034e-03
9.595627611594864182e-05
9.824130666863616339e-04
9.744493825780558855e-04
1.015206778034288956e-03
5.715826108971601731e-04
1.011828177613724716e-03
-1.704011990858213471e-03
3.269430171893592495e-03
2.805772821767987639e-03
1.958115124776392633e-03
-2.002706752651152704e-03
-4.607385419339282348e-03
-2.745816224635120283e-04
-9.845075874503539035e-04
-8.972543400973707287e-04
4.208784946098748092e-03
7.222271205493591053e-04
3.358267628067438618e-03
3.182187769805210412e-03
-9.820541223342455980e-04
4.992513729231556072e-04
-3.502606773361263389e-04
-1.802342010091132754e-03
8.196183805782243561e-05
-5.293251037979962176e-04
-5.967224672636392904e-03
5.272496423027641776e-04
4.163736420375726221e-04
9.168806976751040123e-04
8.490250735600278573e-04
8.600054199173949674e-04
1.015206778034258165e-03
9.323962540601971917e-04
1.240752379936418829e-03
-1.620907691517198095e-03
-1.421612568308740828e-03
2.471941576367036198e-03
-7.828043723742217439e-04
5.520588338062725267e-03
-1.155101889521136828e-03
2.873572874648074038e-04
4.127006790448283988e-04
-3.332381290673915204e-03
-5.277592748865255617e-03
-4.303596174208914465e-03
7.492198609959262179e-03
6.408596137140449081e-03
-3.339587040245010213e-03
-4.594955731133739882e-03
2.158840135275478785e-04
-4.853987117020306351e-03
-4.686829649903944892e-03
-4.818990589203498050e-03
-8.620957962242741272e-04
-2.375947452042206833e-03
-2.402432330633409892e-03
-6.772127015944079571e-04
1.020280630302377494e-03
8.199590709009642320e-04
1.111578198439048398e-03
6.891403398863503796e-04
1.443355869188873118e-03
-1.739004382780782055e-03
-7.078160794210245320e-03
-3.114678540341090079e-03
-1.126453835511202024e-03
-2.849598549529760300e-03
-6.454283727034128108e-04
-1.061105723109117844e-03
-4.213767194217393243e-03
3.794712600927519983e-03
8.253774331471171004e-04
-2.623499968668765048e-03
1.975766351848650890e-02
6.830983379675137357e-03
3.112277739130805271e-03
1.629513723202153080e-03
-2.874451064089374522e-03
-6.219631187095961975e-04
2.197430962859942168e-03
7.374678223968980911e-04
9.258908749794241607e-04
-7.437536881183076610e-04
-4.827435455556606907e-03
-2.334512836435566601e-03
1.085249016716215587e-03
1.015206778034370271e-03
1.015206778034260767e-03
1.015206778034382414e-03
1.101526116177618982e-03
1.982441068518189103e-03
-3.534184600071276199e-03
-4.191663472765965251e-03
-2.060604248474063108e-03
-1.073066444069372110e-03
-6.826204182875305823e-04
-2.770114981115346688e-03
-1.617489225222912969e-03
-7.284361598716611493e-03
1.456880678144452726e-03
-1.838021807578111774e-02
6.787501802326580125e-02
-1.221992702248740799e-02
3.550433408996483790e-03
-2.587458750804371311e-03
-6.543010664677811200e-03
2.286645419410094238e-03
-3.898508760371977369e-03
-4.589720156526077947e-03
-4.701929303703608794e-03
-1.835609914428025253e-03
-2.452753555301941373e-03
-2.556204049564436177e-03
1.097345856158678679e-03
1.015206778034394557e-03
1.015206778034265320e-03
1.015206778034373524e-03
1.554843137904583566e-03
2.573562257410964664e-03
1.382872139117522457e-03
2.897384050370009623e-03
3.599745687385018378e-03
-1.193247568793860463e-03
-2.213802056611473713e-04
-4.295868225232849728e-04
-4.384356328009472725e-03
-2.919052443136112979e-03
-2.197451433778209538e-03
1.332253992803292611e-02
5.694759965766404974e-02
-8.619895749818039937e-03
-3.403799867897040147e-04
-1.055857738401321314e-02
-8.449682755918164895e-03
-6.803686960802069611e-03
-4.071021832363015507e-03
-5.097837084525398861e-04
4.839728589394666925e-04
-5.174760164544441043e-03
-3.197580627261930979e-03
-3.568043597808563411e-03
1.048062409284136742e-03
1.015206778034352490e-03
1.015206778034265754e-03
9.124435214603790869e-04
1.465606135163654081e-03
-1.563667515313484514e-03
6.175588330466254272e-04
-4.568461570687711720e-03
-1.271007460016845576e-03
-1.129901981893013940e-03
4.123904394563466386e-05
-4.212200442245169450e-03
-1.717892068590470053e-03
3.117508868825003433e-03
7.930625185463221778e-04
1.955738925123641850e-02
1.224128654973927373e-02
-1.305234298993822708e-03
-1.887152205942274966e-03
-7.936495727939751887e-03
-2.623091002719214748e-03
-1.405845059199059468e-03
-1.600824697331423331e-03
-1.956067287682486909e-03
3.486080625725537264e-04
-3.476334422861902806e-03
-2.936458910271412797e-03
-4.548615336507498726e-03
1.227967484224333754e-03
1.009710163945905931e-03
1.015206778034266621e-03
7.479652865035424196e-04
9.285125496827273308e-04
-2.745277343843226855e-03
-2.070957747496411129e-03
2.792070573203310566e-03
-2.282300896052097232e-03
-3.402061996483355527e-03
-5.945059483883865202e-03
-1.296109355208802843e-03
-5.747865293598254655e-03
-3.421775720714320961e-04
8.882189895493315321e-03
-1.539901037389066005e-03
5.213857131363171769e-03
5.023507440036888844e-03
5.890100369095268781e-03
1.202188722336064962e-03
2.092991448947155702e-03
-3.512625535094333548e-03
-8.122514238731965569e-03
-3.462727210740816804e-03
-7.550741749850014249e-03
2.820588895546614905e-03
-6.481091094362574634e-03
2.797749477722541196e-03
1.319506749520882663e-03
9.682309793176255199e-04
1.017203848733446749e-03
9.995511803707697509e-04
1.005355161176292459e-03
-3.537130625187646753e-03
-5.756406432319025566e-03
-2.548175619085647943e-03
-2.562161721556487168e-03
-2.204343113456146922e-04
1.030233650174121329e-03
-2.054402698657917530e-04
2.866059007793284909e-03
3.412590692242745399e-04
4.873548612303281978e-03
-5.642288690269282349e-03
4.940752109665878453e-03
3.302821792349789568e-03
-9.362004105467136919e-05
-9.905324941926951440e-03
-1.394825362767709680e-03
-3.103360361510006712e-03
1.668505865199296570e-03
-2.050065880711690429e-03
-2.833496696733439190e-03
-5.055627705715380268e-03
-3.063257584889031524e-03
6.004969541079095349e-03
1.341934990803517278e-03
1.037908782275409527e-03
1.025192131529393137e-03
4.499125157264346597e-04
2.938611128461457553e-04
-4.916107593043642261e-03
-2.192491805835359350e-03
-4.321047644563426673e-03
-4.450821170127048504e-03
-1.166723706715692846e-03
-3.726606412972344184e-03
1.539849322468175461e-03
-2.383176055476851716e-04
2.837923868771809709e-03
-4.561391531343640671e-03
2.842509705653181295e-03
2.591045106605179265e-03
4.413386312941184296e-03
4.340483383663227071e-03
3.995379451272802404e-03
1.374995841732527379e-03
-1.016714237705387217e-03
-1.728093060284004341e-04
-5.910876769600137762e-04
-3.031651043644918633e-04
-6.875489863504157320e-03
-8.619404526701731056e-04
1.007556422413311351e-02
1.332066668027950904e-03
1.036867343714280038e-03
1.015206778034257080e-03
-5.464161612967477488e-04
-9.643921118025495370e-05
-4.543860399983820630e-03
-1.113594617775391649e-02
-1.017887951898445789e-02
4.102450146448383475e-03
-3.921623862639903035e-03
-5.019438427822024533e-04
2.172044486821870287e-03
2.383043891968144798e-03
1.841723246821174581e-03
3.933699273807444302e-03
-2.684462144455618347e-03
2.858690783526060108e-03
3.288694789153654742e-03
-1.518896429067899314e-03
2.139124109982504501e-03
5.157701064593421536e-03
1.154541778117874201e-03
-7.050769744147292531e-04
-6.617048122189602560e-03
-3.193251043321826844e-03
3.605609599111185212e-03
8.029897579682004904e-03
7.550436917271804299e-03
1.206530763191463948e-03
1.047508185489494153e-03
9.666025801712045890e-04
1.000017966202085750e-03
7.208573234266776788e-04
1.752313268875909736e-05
4.592201095172893620e-03
4.748126047951601973e-03
5.208900873330863171e-03
9.517938497060330488e-03
4.687351139249768157e-03
-1.352412452501183327e-03
-1.053864642272793386e-03
-1.720271958598051628e-03
1.570860450132915628e-03
3.956189785771089401e-03
1.573493542915613101e-03
-3.041123412082623193e-04
4.148953156323844857e-03
2.632268068032083113e-04
6.435933108939426509e-03
2.536182102201232826e-03
9.759183863851836685e-03
8.791412404844418590e-03
-2.363488894278183150e-03
4.708991708419997188e-03
1.556335367658497060e-02
6.183495849527606038e-03
-9.961419705272970670e-04
1.128887092024224471e-03
9.681214613545674605e-04
1.000017966202119144e-03
1.001750383634457137e-03
1.797448216069075493e-03
6.238964414195257574e-03
7.379604854878550439e-03
1.914685984209191314e-03
1.544235176707783094e-04
1.846179374508161771e-04
3.702661387569537981e-04
-2.139397666567020026e-04
-2.301788267503633318e-03
-6.119452788782458671e-03
-4.616732600670254115e-03
-2.748525047946362302e-04
-2.428528462427726430e-03
-3.251976868660950634e-03
8.748563812389555799e-04
6.151261567304784628e-03
-1.128935454956726554e-03
4.571662443544156906e-03
6.473531829246415709e-03
-8.047907544198679153e-03
-1.818179188561399630e-03
1.215179991762317278e-03
3.123543880894814016e-03
6.357752448307242609e-04
1.225078126938848209e-03
1.015206778034257731e-03
1.015206778034373307e-03
1.015206778034278981e-03
1.689037264860562089e-03
-1.242926561129574709e-04
-3.079383539180087937e-03
-5.568102191468102128e-04
-2.620845516983714638e-03
-1.158528750052350773e-03
3.839346274881346951e-04
1.196628579109884540e-03
-7.913507556228107590e-05
2.266892746644445008e-03
-1.076112538810530318e-04
-2.218867526726389303e-03
-1.978197805253619542e-03
2.575103373628485600e-04
-1.231678797489802650e-03
-4.516169103374718073e-03
-2.570943433146210752e-03
-8.206819100636124397e-04
-9.620045634461367803e-04
-4.594162566330478766e-03
-9.502365994388136099e-04
3.125652198554454810e-04
3.834885969710245053e-04
1.195046238762262304e-03
1.015206778034151479e-03
1.015206778034020941e-03
1.015206778034282668e-03
1.015206778034382848e-03
1.016946493515907520e-03
-6.555253194310082382e-04
2.838799278204070815e-03
5.157914066727302491e-04
1.375909327585994385e-03
-1.819500718655502666e-03
3.134234978826601434e-03
-3.402008509501957319e-03
2.314436130119791363e-04
-1.684927360697305049e-03
-1.429720442071410504e-03
-7.162120359520286056e-04
1.068426718404083542e-03
-2.437043030798652973e-03
7.278150981309450089e-03
-3.308465008151203687e-03
4.079027631114748829e-03
1.197732955756727630e-04
5.993050196166909739e-03
4.314332850053022479e-03
1.301196316130583206e-03
1.115765666920514806e-03
1.458432310428426412e-03
1.120097633727178393e-03
1.015206778034302183e-03
1.015206778034445948e-03
1.015206778034295678e-03
1.015206778034349888e-03
1.015206778034307171e-03
1.015206778034306954e-03
1.303259439016836961e-03
1.354099397924128211e-03
2.796809047026436925e-03
8.133964758842352274e-03
7.010475100905703451e-03
9.116752517695451280e-04
-6.021796935792122878e-03
1.245275058675032222e-02
5.507017061687560777e-03
5.774134943059163090e-03
1.591768411430378657e-02
-3.382327885112794332e-04
-2.557840000087047150e-03
3.437689091425524118e-04
1.015206778034540708e-03
1.015206778034193980e-03
1.015206778034220651e-03
1.015206778034232361e-03
1.015206778034184439e-03
1.015206778034288739e-03
1.015206778034496472e-03
1.015206778034380680e-03
1.015206778034482811e-03
1.015206778034313459e-03
1.015206778034526613e-03
1.015206778034348804e-03
1.015206778034393690e-03
1.015206778034318446e-03
1.015206778034361381e-03
1.015206778034389787e-03
1.015206778034344684e-03
1.015206778034393907e-03
1.015206778034305653e-03
1.232814272901937638e-03
1.138713734580664924e-03
1.015206778034299581e-03
1.015206778034325168e-03
3.783592180928718306e-03
9.277106964796407937e-03
3.783592180928489757e-03
1.015206778034255779e-03
1.015206778034278114e-03
1.015206778034361598e-03
1.015206778034241468e-03
1.015206778034320832e-03
1.015206778034334493e-03
1.015206778034348804e-03
1.015206778034259249e-03
1.015206778034337962e-03
1.015206778034366368e-03
1.015206778034302617e-03
1.015206778034406700e-03
1.015206778034415808e-03
1.015206778034283535e-03
1.015206778034381764e-03
1.015206778034292642e-03
1.015206778034444431e-03
1.015206778034355743e-03
1.015206778034372223e-03
1.015206778034309339e-03
1.015206778034366585e-03
1.015206778034357694e-03
1.015206778034363332e-03
1.015206778034324952e-03
1.015206778034374391e-03
1.015206778034329722e-03
1.015206778034333625e-03
1.015206778034337528e-03
1.015206778034351189e-03
1.015206778034314110e-03
1.015206778034365934e-03
1.015206778034343817e-03
1.015206778034334709e-03
1.015206778034328638e-03
1.015206778034350322e-03
1.015206778034351189e-03
1.015206778034352057e-03
1.015206778034357694e-03
1.015206778034324952e-03
